1
405.275000
1
632.400000
1
834.125000
1
1476.700000
2
34.975000
2
405.475000
2
631.025000
3
402.200000
3
631.950000
3
858.150000
4
398.300000
4
631.725000
4
944.500000
5
407.600000
5
627.125000
5
841.925000
6
40.025000
6
406.400000
6
631.450000
6
863.325000
7
407.050000
7
625.125000
7
826.150000
8
79.150000
8
276.975000
8
1315.675000
9
69.025000
9
298.575000
9
859.500000
10
76.325000
10
292.450000
10
1416.225000
11
73.250000
11
301.725000
12
79.525000
12
304.475000
12
1035.550000
13
77.825000
13
286.800000
14
112.750000
14
1656.300000
15
112.800000
15
562.675000
15
1646.250000
16
110.950000
16
1656.250000
17
112.675000
17
1650.075000
18
112.725000
18
1218.450000
18
1655.500000
19
46.875000
19
113.275000
19
1656.175000
20
105.025000
20
1656.675000
21
110.225000
21
1654.400000
22
113.675000
22
1653.125000
23
115.475000
23
266.300000
23
1247.825000
24
259.950000
24
580.925000
24
1237.600000
25
263.350000
25
1248.325000
26
264.900000
26
647.400000
26
1249.500000
27
265.750000
27
1247.750000
27
1548.500000
28
252.850000
28
1244.350000
29
266.575000
29
1231.025000
30
55.825000
30
273.425000
30
1601.125000
31
55.275000
31
276.225000
31
1415.700000
31
1605.550000
32
56.425000
32
271.275000
32
1604.325000
33
53.450000
33
266.500000
33
1602.700000
34
57.425000
34
274.975000
34
1596.450000
35
49.500000
35
275.950000
35
1604.625000
36
56.750000
36
173.025000
36
275.525000
36
1591.925000
37
56.725000
37
274.875000
37
1604.225000
38
57.325000
38
275.500000
38
1088.500000
38
1604.825000
39
311.525000
39
591.000000
39
1164.975000
40
310.450000
40
590.950000
40
1164.375000
41
311.325000
41
589.475000
41
1165.825000
42
310.150000
42
589.325000
42
704.925000
42
1165.100000
43
310.450000
43
585.725000
43
1080.400000
43
1151.100000
44
307.975000
44
591.300000
44
1156.675000
45
310.450000
45
591.175000
45
1164.875000
46
311.300000
46
583.600000
46
1164.475000
47
304.725000
47
589.775000
47
1161.500000
48
248.850000
48
413.175000
48
1094.775000
49
242.900000
49
414.825000
49
1097.050000
50
249.025000
50
402.375000
50
1101.175000
51
247.350000
51
415.550000
51
1089.025000
52
247.625000
52
415.225000
52
1099.975000
53
236.975000
53
415.725000
53
1100.450000
54
247.125000
54
412.950000
54
1099.925000
55
248.300000
55
413.875000
55
1099.725000
55
1529.800000
56
249.325000
56
407.300000
56
1098.400000
57
943.300000
59
217.900000
59
393.150000
59
1086.250000
59
1202.500000
60
364.525000
60
1203.525000
60
1729.225000
61
390.050000
61
1200.875000
62
386.825000
62
1196.550000
62
1506.325000
63
395.450000
63
1201.650000
64
394.225000
64
1197.400000
65
73.000000
65
347.875000
65
1439.700000
65
1750.625000
66
86.375000
66
348.950000
66
1429.725000
66
1749.550000
67
83.775000
67
340.800000
67
1439.925000
67
1750.950000
68
85.525000
68
347.350000
68
1437.925000
68
1750.075000
69
81.300000
69
345.050000
69
1434.475000
69
1749.575000
70
87.125000
70
349.725000
70
1441.450000
70
1741.325000
71
86.375000
71
348.800000
71
1440.375000
71
1733.800000
72
86.875000
72
349.475000
72
1441.100000
72
1744.800000
73
86.450000
73
348.850000
73
1440.500000
73
1747.750000
74
87.125000
74
332.400000
74
506.900000
74
1441.675000
74
1751.300000
75
558.100000
75
920.650000
75
1555.475000
76
927.475000
76
1568.525000
77
928.175000
77
1568.900000
78
927.800000
78
1561.375000
79
923.850000
79
1565.875000
80
282.225000
80
928.675000
80
1566.200000
81
605.550000
81
927.275000
81
1052.725000
81
1568.175000
82
338.400000
82
928.425000
82
1568.400000
83
188.500000
83
320.625000
83
1669.450000
84
192.200000
84
306.400000
84
1227.450000
85
195.575000
85
313.300000
85
1110.400000
86
194.450000
86
323.125000
87
183.675000
87
319.200000
88
194.800000
88
323.475000
88
727.400000
89
66.575000
89
800.225000
90
69.150000
90
801.950000
91
69.750000
91
801.875000
92
69.750000
92
800.775000
93
54.300000
93
796.075000
94
69.200000
94
799.175000
95
67.550000
95
794.700000
96
60.150000
96
800.900000
96
1160.800000
97
95.800000
98
93.825000
99
95.525000
99
189.775000
100
85.125000
101
96.125000
101
958.700000
102
96.600000
103
91.425000
104
61.125000
104
1731.700000
105
61.975000
106
51.625000
106
200.525000
107
59.175000
107
477.825000
108
55.725000
109
30.725000
109
508.475000
110
503.050000
111
494.275000
112
510.425000
113
165.375000
113
511.350000
114
407.500000
114
510.175000
114
1943.525000
115
511.050000
116
245.400000
116
1337.650000
117
227.725000
117
1341.950000
118
238.275000
118
587.425000
118
1301.425000
118
1343.600000
119
242.100000
119
1340.400000
120
245.375000
120
389.350000
120
1343.775000
121
244.850000
121
573.050000
121
1341.750000
122
243.100000
122
1341.975000
123
87.950000
123
727.550000
123
848.675000
124
86.700000
124
729.050000
124
840.600000
124
1320.700000
125
87.900000
125
714.600000
125
843.325000
125
1057.875000
126
88.500000
126
729.525000
126
849.850000
127
87.125000
127
720.150000
127
848.925000
127
958.925000
127
1364.850000
128
84.525000
128
728.475000
128
848.450000
129
80.975000
129
728.725000
129
846.825000
130
86.250000
130
726.000000
130
849.850000
131
87.900000
131
727.400000
131
849.500000
132
88.075000
132
729.250000
132
848.600000
133
206.725000
133
302.175000
133
791.925000
133
1578.750000
134
203.300000
134
304.350000
134
786.025000
135
185.025000
135
304.925000
135
793.250000
136
207.575000
136
297.625000
136
788.900000
137
197.850000
137
305.025000
137
778.650000
138
207.275000
138
293.675000
138
686.050000
138
794.250000
139
205.700000
139
302.350000
139
792.000000
140
244.450000
140
1181.425000
141
243.925000
141
1092.675000
142
126.200000
142
245.600000
143
237.450000
144
242.000000
145
230.100000
146
244.350000
147
197.900000
147
1278.400000
148
191.425000
149
202.775000
149
1837.725000
150
202.400000
150
1441.100000
151
203.300000
151
1358.175000
152
203.625000
152
938.650000
153
200.625000
153
391.675000
154
373.275000
154
634.425000
154
869.400000
155
378.025000
155
642.775000
155
868.425000
156
366.025000
156
644.650000
156
869.800000
157
378.750000
157
644.975000
157
869.500000
157
1965.700000
158
378.425000
158
640.575000
158
868.025000
159
332.225000
159
379.775000
159
644.500000
159
863.400000
159
1958.100000
160
376.400000
160
629.300000
160
866.950000
161
377.275000
161
642.650000
161
860.950000
162
105.400000
162
301.000000
162
951.625000
163
110.250000
163
313.925000
163
966.500000
164
109.700000
164
312.625000
164
966.075000
165
110.000000
165
306.575000
165
963.750000
166
107.275000
166
311.825000
166
963.600000
167
109.950000
167
315.050000
167
439.775000
167
966.350000
168
109.550000
168
314.150000
168
959.550000
169
96.125000
169
314.850000
169
966.575000
169
1712.325000
170
128.525000
170
342.750000
170
990.225000
171
122.275000
171
346.125000
171
992.325000
171
1067.500000
172
129.475000
172
346.525000
172
982.575000
173
125.400000
173
333.650000
173
987.450000
173
1077.300000
174
127.150000
174
345.725000
174
992.225000
174
1214.325000
175
128.675000
175
344.625000
175
989.125000
175
1059.825000
176
128.850000
176
340.125000
176
992.450000
176
1092.275000
177
41.750000
177
505.050000
178
39.450000
178
1805.350000
178
1876.125000
179
42.200000
179
185.725000
180
41.275000
180
514.600000
181
35.725000
181
1057.075000
182
41.825000
182
177.600000
182
390.825000
183
28.375000
183
1196.975000
184
32.425000
184
373.250000
185
31.725000
185
367.925000
186
31.050000
186
374.200000
187
32.450000
187
373.075000
188
24.775000
188
372.850000
188
1916.025000
189
19.975000
189
371.050000
189
933.775000
190
29.650000
190
362.325000
191
279.825000
191
544.150000
192
276.825000
192
544.250000
192
777.375000
193
279.500000
193
542.075000
194
275.475000
194
544.650000
195
278.875000
195
539.175000
195
1874.850000
196
269.875000
196
543.925000
196
1935.750000
197
279.100000
197
544.900000
197
788.300000
197
1279.550000
198
279.600000
198
535.900000
199
194.975000
200
195.550000
200
1522.975000
201
187.475000
201
1597.450000
202
191.375000
203
194.250000
204
346.900000
204
1514.700000
205
351.500000
206
260.025000
206
353.500000
207
304.825000
208
239.850000
208
343.900000
210
838.450000
212
1697.150000
213
1447.150000
215
1060.050000
216
967.325000
216
1925.300000
217
1371.075000
219
207.225000
219
1623.325000
220
140.425000
220
268.900000
220
1844.350000
221
140.575000
221
283.850000
221
1843.200000
222
140.100000
222
285.300000
222
1844.425000
223
139.725000
223
283.850000
223
1836.175000
224
131.625000
224
236.250000
224
285.750000
224
1844.375000
225
140.750000
225
284.075000
225
1844.450000
226
139.575000
226
284.475000
226
1843.150000
227
140.075000
227
259.325000
227
1844.075000
228
138.450000
228
277.150000
228
543.625000
228
1842.000000
229
135.650000
229
283.250000
229
1841.375000
230
143.875000
230
388.275000
230
1205.500000
231
144.525000
231
390.525000
231
1206.125000
232
134.100000
232
389.325000
232
1198.950000
233
138.900000
233
382.575000
233
1197.625000
234
143.550000
234
387.675000
234
1204.375000
235
142.325000
235
390.450000
235
1202.675000
236
143.725000
236
390.900000
236
1205.050000
237
143.625000
237
390.600000
237
1205.000000
238
144.075000
238
390.775000
238
1205.750000
239
141.800000
239
390.425000
239
1204.600000
240
49.200000
240
728.825000
240
1285.450000
241
726.775000
241
1061.325000
242
728.775000
242
1131.600000
243
723.375000
243
1053.700000
244
726.950000
244
1166.675000
245
728.275000
245
1263.400000
246
718.225000
246
1174.825000
247
569.475000
248
578.225000
248
1166.575000
248
1676.450000
249
576.675000
249
1056.025000
250
574.600000
250
1177.125000
250
1665.800000
251
565.450000
251
1604.600000
252
31.300000
252
1169.925000
252
1652.050000
253
29.975000
253
1172.275000
254
31.025000
254
1161.825000
254
1252.525000
255
30.075000
255
1171.525000
256
28.775000
256
753.250000
256
1172.350000
257
30.975000
257
1170.425000
257
1257.700000
257
1361.725000
258
28.425000
258
1167.450000
258
1228.125000
259
30.925000
259
125.725000
259
741.775000
259
1152.425000
260
24.050000
260
1171.625000
261
478.325000
261
1380.325000
262
429.725000
262
480.375000
262
1368.300000
263
477.675000
263
1374.300000
263
1554.450000
264
479.400000
264
1378.000000
265
466.025000
265
1379.075000
266
472.075000
266
1380.125000
267
477.350000
267
1380.675000
268
294.325000
268
790.550000
268
1095.200000
269
307.275000
269
799.250000
270
314.450000
270
798.525000
270
1804.675000
271
311.775000
271
796.125000
272
314.975000
272
785.675000
273
163.150000
273
1166.350000
273
1263.025000
273
1582.200000
274
165.025000
274
1262.425000
274
1581.650000
275
160.075000
275
1251.950000
275
1581.125000
276
156.025000
276
1261.775000
276
1581.950000
277
164.625000
277
1256.975000
277
1582.275000
278
165.000000
278
1260.300000
278
1577.425000
279
163.500000
279
1261.125000
279
1572.350000
280
164.575000
280
1262.425000
280
1567.500000
281
164.325000
281
1262.475000
281
1581.875000
282
31.950000
282
146.975000
282
793.925000
282
1341.600000
282
1544.275000
283
32.450000
283
146.500000
283
1341.175000
283
1543.625000
284
34.125000
284
147.550000
284
1328.600000
284
1540.600000
285
34.625000
285
147.700000
285
1337.550000
285
1520.325000
286
22.150000
286
147.525000
286
1332.900000
286
1532.100000
287
34.275000
287
140.725000
287
1339.875000
287
1537.175000
288
34.600000
288
146.400000
288
1340.050000
288
1542.900000
288
1901.200000
289
33.175000
289
137.400000
289
536.200000
289
1340.150000
289
1542.250000
290
28.975000
290
144.375000
290
945.075000
290
1341.575000
290
1543.850000
291
384.725000
291
529.725000
292
370.200000
292
530.675000
292
814.150000
292
1607.950000
293
332.150000
293
390.075000
293
528.050000
293
1170.125000
294
388.175000
294
522.975000
295
387.975000
295
527.750000
296
379.075000
296
530.500000
297
196.425000
297
389.850000
297
530.825000
298
638.825000
298
759.950000
299
645.225000
299
746.000000
299
1371.675000
300
651.050000
300
750.125000
300
1359.350000
301
652.550000
301
761.275000
301
1352.350000
302
651.025000
302
761.775000
303
652.200000
303
761.825000
304
650.025000
304
761.225000
305
651.525000
305
756.675000
306
80.475000
306
187.500000
307
68.350000
307
184.100000
308
80.350000
308
190.350000
308
1917.475000
309
80.200000
309
190.975000
310
78.675000
310
190.725000
311
72.625000
311
190.575000
312
77.300000
312
190.600000
313
80.750000
313
189.300000
314
80.225000
314
190.200000
315
79.975000
315
187.900000
316
210.350000
316
294.575000
316
948.825000
316
1633.425000
317
214.975000
317
1630.400000
318
217.275000
318
1631.700000
319
218.900000
319
1207.625000
319
1308.100000
319
1634.825000
320
218.850000
320
1624.625000
321
110.725000
321
976.225000
321
1680.250000
321
1948.800000
322
110.375000
322
976.425000
322
1958.925000
323
109.650000
323
962.400000
323
1957.875000
324
109.500000
324
973.675000
324
1943.425000
325
104.700000
325
973.450000
325
1958.075000
326
108.300000
326
454.150000
326
975.750000
326
1957.850000
327
110.850000
327
975.875000
327
1956.600000
328
101.725000
328
967.225000
328
1953.975000
329
308.100000
329
602.650000
329
966.925000
330
308.375000
330
963.825000
331
292.750000
331
966.625000
332
309.600000
332
964.800000
332
1703.800000
333
303.825000
333
967.275000
334
305.775000
334
965.150000
335
309.750000
335
957.850000
336
379.225000
336
496.875000
336
1115.150000
337
382.300000
337
497.850000
337
1115.475000
338
372.675000
338
497.175000
338
1115.050000
338
1712.850000
339
383.600000
339
494.850000
339
1112.425000
340
384.250000
340
496.850000
340
1111.475000
341
384.625000
341
497.050000
341
1114.375000
342
383.600000
342
498.025000
342
934.625000
342
1115.175000
342
1351.275000
343
383.825000
343
486.800000
343
1115.300000
343
1356.450000
344
383.575000
344
492.675000
344
1107.025000
345
382.800000
345
497.975000
345
1115.350000
346
353.800000
346
467.175000
346
759.600000
347
349.800000
347
466.500000
347
757.925000
348
353.575000
348
455.300000
348
752.700000
348
1447.400000
349
353.425000
349
462.825000
349
759.000000
349
1477.025000
350
352.150000
350
467.025000
350
760.450000
351
353.025000
351
465.575000
351
748.925000
351
1614.575000
352
351.975000
352
460.000000
352
757.725000
353
347.025000
353
466.800000
353
759.775000
354
352.675000
354
466.800000
354
760.100000
355
353.900000
355
465.250000
355
743.225000
356
1415.025000
357
444.225000
357
1405.650000
358
693.175000
358
1420.175000
359
1347.750000
359
1422.725000
360
1416.500000
361
333.425000
361
527.875000
361
904.550000
362
334.175000
362
528.500000
362
914.175000
363
315.250000
363
528.575000
363
913.375000
364
333.750000
364
521.925000
364
895.850000
365
330.375000
365
527.500000
365
913.550000
366
334.500000
366
527.950000
366
913.950000
367
333.550000
367
527.925000
367
913.350000
368
333.875000
368
524.375000
368
910.325000
369
329.300000
369
526.625000
369
911.825000
370
332.750000
370
525.925000
370
913.425000
370
991.575000
371
108.125000
372
106.250000
373
108.550000
374
109.300000
375
102.750000
375
781.200000
376
99.350000
377
141.750000
377
333.350000
377
768.400000
378
333.125000
378
774.925000
379
319.025000
379
783.525000
380
330.975000
380
782.400000
381
332.575000
381
412.225000
381
783.275000
382
331.050000
382
783.600000
383
126.800000
383
332.950000
383
784.300000
384
331.850000
384
782.625000
384
1216.600000
385
325.475000
385
779.475000
386
180.550000
386
752.675000
386
1566.550000
387
176.625000
387
753.050000
387
1566.725000
388
180.775000
388
749.525000
388
1567.750000
389
180.575000
389
476.575000
389
751.725000
389
1567.700000
390
179.900000
390
753.325000
390
1567.400000
391
181.450000
391
468.050000
391
749.825000
391
1554.625000
392
182.025000
392
739.325000
392
1567.825000
393
173.300000
393
752.675000
393
1565.225000
394
181.275000
394
752.975000
394
1564.425000
395
182.225000
395
752.775000
395
1560.025000
396
265.525000
397
261.450000
398
48.025000
398
247.925000
398
1062.650000
399
47.500000
399
247.675000
399
1062.825000
400
46.350000
400
246.075000
400
1057.850000
401
46.250000
401
247.625000
401
1059.875000
402
42.875000
402
238.075000
402
1053.850000
402
1191.775000
403
47.525000
403
242.500000
403
1063.750000
404
46.100000
404
246.425000
404
1062.125000
405
40.025000
405
245.325000
405
1062.100000
406
503.750000
407
506.475000
408
110.150000
408
506.200000
409
503.625000
410
506.225000
411
495.975000
411
1056.075000
412
506.875000
413
299.575000
413
506.875000
414
99.175000
414
301.300000
414
1555.850000
415
98.875000
415
300.650000
415
1560.400000
416
99.725000
416
299.875000
416
1721.100000
417
99.525000
417
298.350000
418
92.425000
418
295.775000
418
650.250000
419
97.850000
419
247.100000
419
301.425000
419
645.275000
419
1080.850000
419
1267.250000
420
95.450000
420
300.175000
420
471.975000
421
98.675000
421
291.550000
422
208.350000
422
1170.500000
422
1405.125000
423
205.350000
423
1403.675000
424
207.650000
424
1391.150000
425
208.100000
425
1402.075000
426
202.225000
426
711.875000
426
1400.600000
427
207.375000
427
1395.025000
428
194.825000
428
1358.025000
428
1405.650000
429
349.650000
429
1024.050000
430
349.300000
430
678.875000
430
1018.375000
431
347.300000
431
1025.950000
432
349.575000
432
1027.150000
433
344.775000
433
1022.625000
433
1305.525000
434
349.600000
434
1026.400000
434
1713.500000
435
347.400000
435
1026.450000
436
350.450000
436
1026.825000
437
129.950000
437
402.850000
437
957.025000
437
1348.975000
438
125.125000
438
399.400000
438
1357.025000
439
21.925000
439
128.250000
439
401.775000
439
1359.975000
440
130.125000
440
403.650000
440
798.675000
440
1355.025000
441
130.475000
441
396.200000
441
1360.600000
442
120.900000
442
390.175000
442
1359.775000
443
130.550000
443
403.550000
443
1360.025000
444
125.100000
444
549.225000
444
755.825000
444
1262.625000
445
124.125000
445
549.900000
445
752.425000
445
1263.225000
446
124.925000
446
549.525000
446
755.825000
446
1256.800000
447
121.075000
447
545.850000
447
755.825000
447
1252.675000
448
126.375000
448
549.900000
448
755.000000
448
1263.600000
449
125.500000
449
542.625000
449
754.825000
449
1261.475000
450
126.025000
450
243.175000
450
550.600000
450
748.500000
450
1260.750000
451
115.675000
451
550.375000
451
753.075000
451
1003.975000
451
1263.750000
452
126.675000
452
547.700000
452
756.200000
452
1264.125000
453
152.550000
453
403.000000
453
1847.825000
454
144.500000
454
1521.550000
455
155.600000
455
1058.725000
456
149.175000
456
554.575000
456
1530.500000
457
154.550000
458
356.275000
458
572.125000
459
346.650000
460
355.875000
460
1477.775000
461
351.125000
461
676.275000
462
356.825000
463
355.325000
463
1415.025000
464
355.250000
464
1464.100000
465
467.350000
465
833.300000
465
1790.525000
467
1625.525000
467
1873.125000
468
1176.625000
469
241.900000
470
223.400000
472
705.025000
474
61.700000
474
272.200000
474
417.175000
474
610.575000
475
64.875000
475
264.450000
475
602.225000
476
66.075000
476
273.050000
476
611.625000
476
785.900000
477
63.525000
477
273.000000
477
550.050000
477
611.775000
478
66.425000
478
272.175000
478
611.700000
479
66.475000
479
270.075000
479
611.700000
480
66.125000
480
268.300000
480
606.225000
481
66.150000
481
271.375000
481
610.400000
481
795.775000
482
65.400000
482
272.925000
482
611.775000
483
54.350000
483
272.200000
483
608.300000
483
803.800000
484
188.200000
484
985.850000
484
1378.350000
484
1537.000000
485
188.800000
485
1536.625000
486
188.850000
486
1536.825000
487
187.900000
487
1538.425000
488
183.650000
488
836.175000
488
1538.450000
489
187.875000
489
787.900000
489
1533.325000
490
186.900000
490
743.225000
490
1537.300000
491
186.925000
491
901.425000
491
1530.600000
492
185.250000
492
395.300000
492
1538.200000
493
188.125000
493
916.425000
493
1538.600000
494
228.850000
494
1215.250000
495
221.600000
495
975.050000
495
1216.250000
496
91.550000
496
229.975000
496
1216.700000
497
229.375000
497
695.600000
497
1215.875000
498
228.925000
498
1213.150000
499
226.500000
499
1213.375000
499
1874.000000
500
227.100000
500
558.625000
500
1208.550000
501
549.600000
501
902.800000
502
551.400000
502
902.625000
502
1380.875000
503
551.350000
503
902.225000
504
551.450000
504
901.600000
505
551.750000
505
892.575000
505
1399.675000
506
397.650000
506
552.325000
506
901.950000
507
545.500000
507
899.850000
508
548.825000
508
901.925000
509
551.250000
509
884.475000
510
551.725000
510
897.850000
511
349.275000
511
1796.300000
512
344.850000
512
1792.175000
513
347.825000
513
1785.200000
514
347.575000
514
1788.575000
515
347.300000
515
1795.850000
516
348.675000
516
763.000000
516
1795.225000
517
341.625000
517
1796.900000
518
348.775000
518
655.550000
518
1795.850000
519
387.100000
519
1009.750000
519
1356.825000
520
1361.275000
521
1160.825000
521
1365.500000
522
215.525000
522
882.150000
522
1367.825000
523
1196.400000
523
1367.875000
524
291.700000
524
708.825000
525
295.500000
525
712.000000
525
1757.075000
526
295.675000
526
717.600000
527
292.850000
527
629.050000
527
723.100000
527
1177.125000
528
294.325000
528
719.850000
529
285.300000
529
720.900000
530
191.600000
530
1213.525000
531
1208.625000
532
575.200000
532
1216.750000
532
1755.700000
533
240.275000
533
1214.100000
540
458.775000
541
766.850000
542
64.125000
542
298.375000
542
681.975000
543
288.050000
543
680.250000
544
300.075000
544
678.750000
545
300.650000
545
681.450000
546
278.675000
546
677.375000
547
294.800000
547
672.300000
548
245.975000
548
395.950000
548
1003.450000
549
249.350000
549
396.400000
549
1007.850000
550
248.450000
550
396.200000
550
1006.300000
551
248.875000
551
386.525000
551
1004.425000
552
240.500000
552
396.400000
552
901.125000
552
1006.625000
552
1363.150000
553
248.150000
553
393.575000
553
997.025000
553
1357.625000
554
247.300000
554
396.275000
554
1007.650000
555
232.350000
555
392.725000
555
1007.350000
556
709.225000
556
1890.775000
557
708.225000
557
1873.650000
558
703.650000
558
1881.100000
559
697.225000
559
1890.125000
560
707.200000
560
1488.075000
560
1888.475000
561
708.650000
561
1890.025000
562
708.525000
562
1886.650000
563
631.800000
563
706.975000
563
1889.825000
564
363.350000
564
509.325000
564
967.800000
565
360.650000
565
511.325000
566
363.650000
566
511.075000
567
362.400000
567
476.975000
568
360.700000
568
511.175000
568
1939.275000
569
356.475000
569
504.725000
570
362.475000
570
509.600000
571
362.900000
571
500.600000
572
363.000000
572
508.950000
572
957.025000
573
48.300000
573
197.100000
573
1965.125000
574
49.325000
574
711.650000
575
37.800000
576
45.750000
576
968.500000
577
43.550000
577
1676.525000
578
38.800000
578
359.250000
579
38.075000
579
351.700000
580
41.400000
580
358.875000
581
32.450000
581
357.600000
581
966.700000
582
42.050000
582
356.950000
583
24.700000
583
269.075000
583
354.800000
584
41.500000
584
277.900000
584
357.725000
585
41.550000
585
358.650000
585
1717.050000
586
88.175000
586
382.200000
586
1193.400000
586
1458.025000
587
91.025000
587
382.375000
587
1193.475000
587
1453.950000
588
91.050000
588
374.650000
588
1191.475000
588
1456.500000
588
1909.100000
589
90.125000
589
381.850000
589
1180.450000
589
1451.400000
590
91.400000
590
369.425000
590
1193.800000
590
1457.950000
591
73.900000
591
379.375000
591
1192.700000
591
1456.675000
592
90.775000
592
381.625000
592
1191.550000
592
1458.000000
593
89.725000
593
381.325000
593
1193.425000
593
1457.775000
594
90.900000
594
381.825000
594
1193.975000
594
1458.225000
595
91.075000
595
381.800000
595
1193.725000
595
1458.475000
596
85.175000
596
379.775000
596
1190.325000
596
1444.100000
597
188.075000
597
323.300000
597
895.000000
597
1189.100000
598
186.975000
598
329.025000
598
899.200000
598
1189.900000
599
187.550000
599
328.150000
599
898.850000
599
1182.425000
600
188.250000
600
326.825000
600
899.800000
600
1189.975000
601
185.425000
601
328.875000
601
899.425000
601
1188.600000
602
188.200000
602
329.325000
602
899.000000
602
1188.550000
603
186.750000
603
318.850000
603
896.325000
603
1188.125000
604
29.175000
604
188.100000
604
327.675000
604
890.525000
604
1187.450000
605
188.225000
605
328.875000
605
898.750000
605
1189.325000
606
182.575000
606
329.000000
606
899.350000
606
1184.175000
607
286.575000
609
309.075000
609
460.175000
610
308.425000
610
453.425000
611
306.725000
611
458.975000
612
308.325000
612
457.950000
612
717.375000
613
308.950000
613
458.600000
613
724.825000
614
301.425000
614
455.875000
615
308.500000
615
459.400000
616
308.725000
616
459.150000
617
305.575000
617
459.900000
617
993.775000
618
281.325000
618
569.500000
618
1362.650000
619
279.125000
619
567.625000
619
1362.050000
620
286.050000
620
569.125000
620
1344.275000
621
285.350000
621
566.950000
621
857.475000
621
1362.275000
622
284.575000
622
556.875000
622
1358.200000
622
1489.150000
623
284.375000
623
561.575000
623
1357.050000
624
246.325000
625
247.575000
626
247.650000
626
837.825000
627
246.325000
627
1866.925000
628
239.725000
629
246.225000
630
243.275000
631
247.450000
631
454.975000
631
1780.500000
632
352.150000
632
806.025000
633
357.675000
634
371.625000
635
367.050000
635
1500.775000
636
375.750000
636
1859.400000
637
32.850000
638
43.925000
639
42.450000
640
42.450000
641
36.525000
642
41.050000
643
428.500000
643
1320.950000
644
429.075000
644
1322.125000
645
416.625000
645
1307.725000
646
427.675000
646
1317.700000
647
426.275000
647
1312.575000
648
423.075000
648
1320.825000
649
428.575000
649
1319.975000
649
1624.250000
650
166.275000
650
499.850000
650
1035.025000
651
157.250000
651
473.525000
651
1019.625000
652
166.675000
652
495.425000
652
691.650000
652
1012.425000
653
166.550000
653
500.100000
653
1034.075000
654
165.575000
654
480.250000
654
1030.200000
655
164.825000
655
487.850000
655
1026.375000
655
1341.625000
656
166.375000
656
500.750000
656
1033.750000
657
165.200000
657
497.775000
657
1033.750000
658
161.375000
658
499.150000
658
1034.825000
659
163.100000
659
622.925000
659
1025.650000
660
158.275000
660
629.600000
661
169.075000
661
630.975000
662
169.025000
662
630.775000
662
1570.150000
663
168.225000
663
618.575000
663
842.825000
664
167.275000
664
628.775000
665
166.575000
665
627.200000
666
168.375000
666
629.850000
666
853.775000
667
84.975000
667
835.700000
667
1352.825000
668
70.750000
668
310.025000
668
826.950000
668
1363.975000
669
86.425000
669
346.000000
669
838.275000
669
1363.100000
670
85.650000
670
831.100000
670
1358.775000
671
84.450000
671
820.450000
671
1362.825000
672
77.625000
672
285.525000
672
837.700000
672
1359.450000
673
83.275000
673
835.925000
673
1363.000000
674
175.675000
674
368.050000
675
183.625000
675
360.350000
675
1174.200000
676
180.200000
676
364.650000
677
182.575000
677
367.025000
678
183.700000
678
367.375000
678
1451.900000
679
184.450000
679
369.075000
679
1139.900000
680
436.675000
680
959.850000
680
1702.325000
681
434.300000
681
965.075000
681
1702.775000
682
436.175000
682
963.350000
682
1690.150000
683
247.750000
683
420.275000
683
962.300000
683
1699.100000
684
437.350000
684
963.675000
684
1695.400000
685
437.700000
685
955.925000
685
1702.375000
686
437.350000
686
964.525000
686
1703.225000
687
431.275000
687
965.050000
687
1701.375000
688
338.850000
688
400.925000
688
815.000000
689
241.250000
689
345.975000
689
412.925000
690
345.900000
690
413.975000
691
344.675000
691
412.425000
692
341.900000
692
410.250000
692
1861.850000
693
343.725000
693
411.675000
693
1232.200000
694
228.425000
694
344.850000
694
405.900000
695
154.525000
695
1683.300000
696
152.150000
696
1681.400000
697
154.275000
697
1683.300000
697
1768.500000
698
154.725000
698
801.925000
698
1684.125000
699
141.425000
699
281.000000
699
1682.150000
700
152.550000
700
1674.400000
701
148.025000
701
1677.975000
702
154.600000
702
1041.500000
702
1684.175000
703
258.575000
703
1502.100000
704
251.150000
704
819.225000
704
1504.250000
705
260.275000
705
1502.950000
706
255.175000
706
1503.350000
707
258.600000
707
635.900000
707
1491.450000
708
260.450000
708
1498.925000
709
260.525000
709
1485.625000
710
368.950000
710
688.250000
710
1214.000000
711
392.350000
711
686.200000
712
388.650000
712
689.300000
713
392.000000
713
682.050000
714
392.275000
714
678.075000
715
92.800000
715
393.700000
715
689.250000
716
393.625000
716
687.550000
717
384.350000
717
688.950000
718
416.675000
718
745.350000
718
1120.250000
719
419.725000
720
417.450000
720
1129.750000
721
419.900000
722
499.650000
722
679.125000
722
1693.825000
723
497.150000
723
687.900000
723
1071.550000
723
1697.000000
724
498.800000
724
697.950000
724
1702.600000
725
493.275000
725
696.875000
725
1512.875000
725
1702.725000
726
486.450000
726
693.725000
726
1701.850000
727
499.525000
727
671.175000
727
1701.000000
728
500.450000
728
696.050000
728
1700.000000
729
160.975000
729
826.025000
729
1179.025000
730
160.675000
730
252.000000
730
1178.850000
731
159.150000
731
1179.500000
732
157.000000
732
1179.250000
733
152.300000
733
1176.375000
734
160.800000
734
1174.875000
735
160.725000
735
1178.900000
735
1962.450000
736
161.675000
736
1171.425000
736
1503.675000
737
160.800000
737
1179.975000
738
564.875000
738
1009.475000
738
1146.375000
739
141.350000
739
565.125000
739
1014.975000
739
1155.100000
740
565.125000
740
989.300000
740
1150.275000
741
564.850000
741
1015.500000
741
1155.925000
742
383.950000
742
563.575000
742
1017.325000
742
1157.100000
743
563.375000
743
1012.825000
743
1155.350000
744
559.850000
744
1016.250000
744
1154.375000
745
562.050000
745
660.700000
745
1016.775000
745
1156.875000
746
564.500000
746
1016.050000
746
1156.850000
747
97.625000
747
157.975000
747
284.650000
747
636.000000
747
1992.850000
748
97.600000
748
282.825000
748
1993.100000
749
97.125000
749
281.375000
749
1992.825000
750
97.400000
750
279.000000
750
1983.350000
751
96.525000
751
284.425000
751
1992.200000
752
94.700000
752
285.025000
752
1987.625000
753
84.925000
753
284.525000
753
1991.025000
754
97.075000
754
283.650000
754
1991.850000
755
98.200000
755
284.400000
755
1486.400000
755
1992.700000
756
92.300000
756
284.950000
756
1992.350000
757
96.925000
757
284.250000
757
1990.400000
758
318.700000
758
506.475000
759
319.000000
759
505.225000
759
778.950000
760
83.050000
760
317.925000
760
499.775000
760
1742.650000
761
317.575000
761
506.825000
762
310.275000
762
504.925000
763
318.700000
763
485.300000
763
1461.975000
764
319.125000
764
494.250000
764
1319.750000
765
315.325000
765
505.725000
765
785.225000
766
432.650000
766
556.325000
766
762.975000
766
1282.125000
767
445.400000
767
547.750000
767
763.200000
767
1278.700000
768
445.600000
768
556.050000
768
754.200000
768
1274.125000
769
443.225000
769
557.575000
769
761.300000
769
1270.225000
770
438.825000
770
556.350000
770
693.050000
770
763.325000
770
1281.450000
771
446.425000
771
552.000000
771
763.300000
771
1281.925000
771
1551.350000
772
210.525000
772
446.425000
772
557.850000
772
761.350000
772
1039.925000
772
1283.300000
773
446.450000
773
556.275000
773
688.850000
773
763.275000
773
1282.725000
774
445.150000
774
557.650000
774
759.300000
774
1283.175000
775
445.200000
775
557.600000
775
763.275000
775
1283.000000
776
40.675000
776
815.075000
776
1181.475000
777
808.125000
777
1190.425000
778
820.125000
778
1792.850000
779
823.825000
780
128.250000
781
125.125000
782
118.275000
783
128.525000
784
129.475000
785
129.050000
785
525.550000
786
127.375000
786
732.300000
787
128.575000
788
279.300000
788
539.200000
788
1041.475000
789
276.650000
789
539.300000
789
890.625000
789
1042.300000
790
278.175000
790
538.475000
790
1032.450000
791
278.475000
791
539.450000
791
1041.975000
792
273.150000
792
537.725000
792
1042.425000
793
279.600000
793
537.800000
793
1039.400000
794
269.325000
794
351.950000
794
539.150000
794
1042.200000
795
279.025000
795
537.175000
795
1028.600000
795
1387.100000
796
277.950000
796
532.800000
796
1038.750000
797
278.925000
797
527.750000
797
1041.825000
798
99.775000
798
323.750000
798
886.400000
799
100.400000
799
326.175000
799
876.625000
800
99.050000
800
324.925000
800
505.500000
800
885.200000
801
100.650000
801
326.625000
801
885.225000
802
99.000000
802
326.950000
802
886.425000
803
67.550000
803
102.425000
803
273.100000
803
327.650000
803
881.975000
804
91.375000
804
292.475000
804
329.750000
804
887.050000
805
100.425000
805
318.725000
805
871.875000
806
95.275000
806
312.925000
806
884.950000
806
998.775000
807
99.825000
807
327.150000
807
886.075000
808
875.800000
809
876.000000
809
1235.350000
810
869.025000
810
1440.425000
811
95.300000
811
876.850000
812
872.125000
813
453.575000
813
639.325000
813
974.525000
814
452.025000
814
625.425000
814
957.975000
815
449.725000
815
639.750000
815
975.200000
816
451.975000
816
584.350000
816
639.600000
816
963.700000
817
452.650000
817
519.475000
817
639.800000
817
968.400000
818
453.825000
818
639.800000
818
973.350000
818
1565.350000
819
454.075000
819
636.250000
819
975.125000
820
444.600000
820
629.050000
820
974.150000
821
453.800000
821
637.025000
821
972.500000
822
792.175000
822
1609.250000
823
790.000000
824
792.500000
824
1225.475000
825
792.925000
826
784.425000
827
789.575000
833
373.625000
833
1605.775000
834
380.225000
834
479.350000
834
1605.800000
835
379.425000
835
1595.950000
836
99.125000
836
380.200000
836
1603.150000
837
379.575000
837
1603.975000
838
380.050000
838
1586.275000
839
378.800000
839
565.400000
839
1023.575000
839
1604.950000
840
379.900000
840
1416.575000
840
1602.650000
841
376.475000
841
862.675000
841
1605.600000
842
42.175000
842
195.250000
842
1125.525000
843
43.175000
843
187.050000
843
1114.850000
844
23.800000
844
195.875000
844
1125.775000
845
42.900000
845
190.400000
845
683.225000
845
1127.375000
846
44.525000
846
193.700000
846
1127.675000
847
43.950000
847
193.950000
847
1119.125000
848
33.475000
848
195.000000
848
1127.125000
849
39.225000
849
195.100000
849
1123.700000
850
44.950000
850
195.900000
850
1127.950000
851
105.550000
851
246.050000
852
104.575000
852
245.625000
852
1246.175000
853
100.450000
853
241.350000
854
106.300000
854
246.600000
854
450.625000
854
1402.500000
855
105.050000
855
245.725000
856
105.825000
856
246.225000
856
881.075000
857
96.875000
857
237.900000
858
105.425000
858
243.600000
859
141.900000
859
320.925000
859
876.225000
860
135.650000
860
298.900000
861
138.425000
862
142.000000
862
920.700000
862
1672.950000
863
141.025000
863
349.300000
864
142.050000
864
1608.800000
865
141.650000
865
285.100000
866
133.625000
866
1102.975000
866
1355.025000
867
134.550000
867
1117.300000
867
1355.325000
868
134.275000
868
1117.225000
868
1352.925000
869
132.025000
869
1111.900000
869
1344.225000
870
133.525000
870
1117.825000
870
1354.775000
871
127.525000
871
1117.525000
871
1355.875000
872
131.125000
872
1117.650000
872
1337.275000
873
133.725000
873
1114.600000
873
1356.375000
874
133.875000
874
811.500000
874
1115.800000
874
1350.475000
875
203.400000
875
1532.775000
876
206.000000
876
1530.050000
877
199.575000
877
1532.975000
878
206.625000
878
1527.800000
879
174.300000
879
211.075000
879
916.250000
879
1533.400000
880
207.225000
880
1534.050000
881
207.150000
881
1518.575000
882
207.650000
882
1533.250000
883
206.575000
883
314.375000
883
1101.475000
883
1534.550000
884
236.900000
884
754.950000
884
855.475000
884
978.750000
884
1753.450000
885
235.350000
885
754.650000
885
976.275000
885
1738.425000
886
237.450000
886
749.600000
886
979.325000
886
1753.125000
887
237.250000
887
753.325000
887
975.575000
887
1752.100000
888
223.875000
888
754.550000
888
964.975000
888
1752.450000
889
235.075000
889
752.675000
889
977.900000
889
1747.625000
890
236.900000
890
744.775000
890
979.025000
890
1749.450000
891
231.000000
891
754.050000
891
970.875000
891
1751.750000
892
1542.250000
893
76.950000
893
237.800000
893
302.700000
893
403.425000
893
506.675000
893
598.850000
893
679.800000
893
929.375000
893
1066.550000
893
1146.800000
893
1333.000000
893
1397.500000
893
1611.225000
893
1831.225000
893
1994.300000
894
177.150000
894
248.625000
894
354.850000
894
881.500000
894
1012.000000
894
1228.400000
894
1297.950000
894
1373.975000
894
1663.850000
894
1778.800000
894
1959.025000
895
65.550000
895
167.075000
895
355.775000
895
486.200000
895
539.500000
895
622.250000
895
725.175000
895
780.725000
895
928.200000
895
1229.075000
895
1283.775000
895
1424.400000
895
1505.150000
896
52.200000
896
317.875000
896
389.675000
896
615.275000
896
698.600000
896
978.500000
896
1038.500000
896
1121.625000
896
1179.550000
896
1249.800000
896
1395.125000
896
1453.475000
896
1512.175000
896
1585.450000
896
1690.175000
896
1792.500000
897
28.250000
897
75.300000
897
155.425000
897
441.025000
897
566.975000
897
662.300000
897
830.100000
897
900.500000
897
956.225000
897
1212.225000
897
1273.950000
897
1365.150000
898
29.025000
898
154.650000
898
220.525000
898
354.300000
898
612.325000
898
781.875000
898
967.050000
898
1167.125000
898
1381.325000
898
1495.450000
898
1643.800000
898
1739.025000
898
1813.025000
899
23.750000
899
78.325000
899
348.125000
899
438.025000
899
502.000000
899
567.825000
899
712.775000
899
945.175000
899
1232.850000
899
1287.650000
899
1559.375000
899
1643.950000
899
1825.425000
899
1896.750000
900
28.425000
900
102.675000
900
168.050000
900
285.850000
900
560.050000
900
1005.425000
900
1292.425000
900
1422.450000
900
1492.100000
900
1546.275000
900
1612.300000
900
1667.900000
901
32.275000
901
138.225000
901
384.650000
901
439.975000
901
633.800000
901
784.450000
901
919.250000
901
1053.425000
901
1156.625000
901
1349.825000
901
1413.525000
901
1494.375000
901
1581.000000
902
311.575000
902
466.150000
902
536.500000
902
646.650000
902
739.750000
902
800.150000
902
876.950000
902
1004.475000
902
1191.975000
902
1533.350000
902
1628.200000
902
1725.525000
902
1786.425000
902
1889.500000
903
215.650000
903
349.825000
903
438.225000
903
539.625000
903
633.475000
903
695.775000
903
784.125000
903
1010.475000
903
1101.525000
903
1171.950000
903
1264.700000
903
1367.375000
903
1436.450000
903
1611.150000
903
1679.700000
904
58.100000
904
111.725000
904
238.925000
904
397.825000
904
465.475000
904
532.875000
904
588.125000
904
680.600000
904
735.900000
904
789.925000
904
869.200000
904
952.375000
904
1178.675000
904
1241.175000
904
1351.675000
904
1407.275000
904
1493.500000
905
247.875000
905
399.600000
905
503.075000
905
648.325000
905
783.225000
905
987.275000
905
1050.375000
905
1273.075000
905
1327.825000
905
1388.625000
905
1473.700000
905
1534.750000
905
1588.775000
905
1932.600000
906
399.025000
906
453.825000
906
621.400000
906
701.650000
906
765.200000
906
822.875000
906
1014.000000
906
1205.575000
906
1387.600000
906
1648.825000
906
1722.650000
906
1897.950000
907
358.575000
907
419.800000
907
596.350000
907
815.675000
907
1024.625000
907
1113.925000
907
1368.825000
907
1496.650000
907
1604.000000
907
1767.250000
907
1965.700000
908
132.300000
908
173.700000
908
228.450000
908
290.500000
908
340.000000
908
593.925000
908
803.250000
908
891.575000
908
1072.825000
908
1319.300000
908
1477.050000
908
1565.675000
908
1655.300000
908
1711.125000
909
103.250000
909
159.950000
909
754.125000
909
845.975000
909
1206.200000
909
1266.475000
909
1326.775000
909
1421.650000
909
1506.175000
909
1684.050000
910
57.575000
910
126.300000
910
208.550000
910
680.500000
910
894.425000
910
951.650000
910
1202.425000
910
1369.025000
910
1505.875000
910
1582.950000
910
1671.525000
910
1740.625000
910
1953.700000
911
212.475000
911
338.825000
911
447.200000
911
830.900000
911
992.900000
911
1057.875000
911
1164.675000
911
1317.725000
911
1415.250000
911
1477.350000
911
1544.800000
911
1733.750000
911
1801.250000
911
1953.550000
912
87.975000
912
371.575000
912
549.200000
912
675.350000
912
798.025000
912
896.925000
912
1127.350000
912
1191.450000
912
1345.600000
912
1408.475000
912
1463.425000
912
1538.875000
912
1621.200000
912
1698.175000
912
1914.100000
913
40.875000
913
293.350000
913
456.600000
913
605.400000
913
681.625000
913
950.875000
913
1251.125000
913
1362.275000
913
1518.375000
913
1573.500000
913
1636.050000
913
1801.375000
913
1887.250000
914
76.575000
914
160.350000
914
237.325000
914
745.175000
914
899.850000
914
1185.025000
914
1431.150000
914
1543.625000
914
1805.400000
914
1860.150000
915
45.725000
915
680.950000
915
792.900000
915
937.325000
915
1037.125000
915
1091.625000
915
1280.175000
915
1475.125000
915
1690.525000
915
1759.975000
915
1813.325000
916
177.500000
916
322.450000
916
379.375000
916
473.125000
916
564.375000
916
641.050000
916
804.250000
916
870.950000
916
1107.100000
916
1208.200000
916
1264.600000
916
1416.500000
917
38.275000
917
202.200000
917
336.775000
917
634.400000
917
699.125000
917
809.600000
917
937.775000
917
1184.250000
917
1260.325000
917
1327.050000
917
1395.750000
917
1453.300000
917
1521.625000
917
1720.575000
917
1838.675000
918
95.575000
918
525.825000
918
859.775000
918
953.925000
918
1167.300000
918
1319.425000
918
1555.925000
918
1651.550000
918
1736.200000
918
1800.725000
918
1966.225000
919
99.475000
919
234.350000
919
322.825000
919
440.675000
919
708.900000
919
940.300000
919
1152.800000
919
1383.525000
919
1440.025000
919
1578.000000
920
255.800000
920
406.200000
920
474.325000
920
578.300000
920
640.450000
920
751.700000
920
1083.100000
920
1151.175000
920
1205.725000
920
1295.625000
920
1467.300000
920
1537.675000
920
1618.875000
920
1983.425000
921
38.450000
921
182.125000
921
238.375000
921
412.575000
921
705.150000
921
909.775000
921
1078.650000
922
110.575000
922
269.575000
922
337.575000
922
471.600000
922
557.600000
922
627.500000
922
778.350000
922
884.050000
922
981.425000
922
1081.875000
922
1140.350000
922
1204.650000
922
1383.400000
922
1456.625000
922
1521.575000
923
162.475000
923
231.725000
923
370.650000
923
424.175000
923
520.175000
923
643.925000
923
769.925000
923
854.525000
923
1162.250000
923
1299.375000
923
1378.450000
923
1481.925000
923
1555.725000
924
355.325000
924
444.325000
924
515.300000
924
644.250000
924
828.800000
924
909.500000
924
964.450000
924
1096.750000
924
1152.125000
924
1245.350000
924
1305.150000
924
1410.700000
924
1560.725000
924
1682.350000
925
96.225000
925
308.550000
925
393.600000
925
579.475000
925
668.750000
925
782.075000
925
879.700000
925
1217.800000
925
1342.900000
925
1510.650000
925
1574.425000
925
1786.175000
925
1890.625000
926
38.175000
926
133.025000
926
207.150000
926
354.025000
926
470.400000
926
601.050000
926
688.650000
926
748.725000
926
876.525000
926
1024.300000
926
1320.650000
926
1410.450000
926
1495.175000
926
1662.700000
926
1789.150000
926
1868.250000
926
1923.825000
927
217.850000
927
288.150000
927
501.600000
927
556.725000
927
638.275000
927
771.000000
927
827.925000
927
940.250000
927
1032.675000
927
1186.600000
927
1457.925000
927
1559.425000
927
1615.150000
927
1845.150000
927
1968.375000
928
27.375000
928
78.900000
928
176.375000
928
320.300000
928
392.225000
928
464.850000
928
544.075000
928
681.300000
928
775.725000
928
848.100000
928
1122.950000
928
1292.825000
928
1453.825000
928
1549.150000
928
1657.500000
928
1913.075000
929
255.100000
929
351.800000
929
451.050000
929
784.175000
929
946.150000
929
1072.600000
929
1149.800000
929
1263.000000
929
1370.275000
929
1467.175000
929
1579.125000
929
1648.525000
929
1770.650000
929
1941.500000
930
150.525000
930
527.175000
930
586.375000
930
702.475000
930
766.975000
930
821.000000
930
879.675000
930
996.175000
930
1162.175000
930
1222.725000
930
1295.625000
930
1418.925000
930
1638.875000
931
222.725000
931
297.725000
931
410.350000
931
523.050000
931
571.850000
931
771.050000
931
874.025000
931
992.650000
931
1048.425000
931
1121.700000
931
1168.250000
931
1234.025000
931
1444.000000
931
1604.450000
932
193.750000
932
359.150000
932
610.775000
932
716.800000
932
992.675000
932
1050.850000
932
1174.700000
932
1454.650000
932
1528.050000
932
1618.175000
932
1886.025000
932
1983.025000
933
135.625000
933
222.275000
933
336.775000
933
446.300000
933
505.450000
933
579.700000
933
649.400000
933
709.975000
933
768.125000
933
867.400000
933
1112.950000
933
1227.175000
933
1415.975000
933
1547.675000
934
315.100000
934
380.550000
934
600.475000
934
657.700000
934
722.475000
934
798.600000
934
1116.750000
934
1236.325000
934
1370.400000
934
1604.575000
934
1749.975000
934
1840.075000
934
1905.350000
935
135.400000
935
299.275000
935
355.900000
935
409.975000
935
502.825000
935
705.200000
935
880.675000
935
1233.675000
935
1299.825000
935
1368.650000
935
1578.675000
935
1678.450000
935
1871.675000
936
26.225000
936
168.975000
936
225.000000
936
343.225000
936
524.800000
936
700.350000
936
1318.575000
936
1395.400000
936
1471.925000
936
1544.400000
936
1668.075000
936
1731.675000
936
1796.100000
936
1897.800000
937
54.100000
937
204.475000
937
245.050000
937
382.375000
937
477.500000
937
544.550000
937
692.375000
937
825.775000
937
902.650000
937
964.700000
937
1040.600000
937
1135.475000
937
1234.400000
937
1347.675000
937
1724.875000
937
1819.200000
937
1923.125000
938
70.250000
938
267.925000
938
430.625000
938
817.450000
938
872.800000
938
937.175000
938
975.850000
938
1029.275000
938
1383.875000
938
1527.300000
938
1659.325000
938
1765.775000
938
1854.200000
939
177.350000
939
312.000000
939
622.900000
939
884.825000
939
954.375000
939
1051.625000
939
1106.725000
939
1291.750000
939
1426.375000
939
1532.575000
939
1593.725000
939
1700.825000
939
1759.750000
940
34.250000
940
296.550000
940
475.950000
940
553.450000
940
618.800000
940
812.750000
940
1160.675000
940
1312.150000
940
1372.750000
940
1475.575000
940
1915.350000
940
1998.275000
941
37.825000
941
134.525000
941
299.225000
941
484.150000
941
681.000000
941
746.825000
941
838.275000
941
902.175000
941
1027.275000
941
1085.025000
941
1192.475000
941
1302.400000
941
1387.400000
941
1442.775000
942
43.175000
942
127.300000
942
312.775000
942
373.650000
942
1001.525000
942
1147.550000
942
1241.050000
942
1307.525000
942
1363.825000
942
1506.725000
942
1660.000000
942
1782.025000
943
76.650000
943
165.750000
943
244.325000
943
485.950000
943
559.975000
943
648.550000
943
762.225000
943
887.625000
943
987.000000
943
1071.675000
943
1424.500000
943
1605.800000
943
1757.250000
943
1928.200000
944
25.275000
944
104.075000
944
150.050000
944
218.325000
944
297.425000
944
362.875000
944
652.950000
944
713.475000
944
776.650000
944
863.425000
944
998.625000
944
1074.925000
944
1272.150000
944
1369.925000
944
1495.125000
945
31.050000
945
237.400000
945
299.500000
945
471.450000
945
609.625000
945
666.150000
945
900.750000
945
996.250000
945
1094.100000
945
1364.350000
945
1737.250000
945
1935.025000
946
38.425000
946
258.075000
946
411.200000
946
611.950000
946
733.925000
946
825.025000
946
884.050000
946
941.200000
946
1007.750000
946
1057.325000
947
25.850000
947
88.800000
947
208.250000
947
268.825000
947
750.750000
947
911.100000
947
1016.650000
947
1103.875000
947
1227.775000
947
1337.225000
947
1736.125000
947
1839.950000
947
1932.275000
948
366.050000
948
422.200000
948
476.000000
948
530.150000
948
696.950000
948
830.925000
948
942.650000
948
1191.275000
948
1258.825000
948
1374.325000
948
1608.200000
948
1740.625000
948
1853.100000
948
1906.100000
949
209.975000
949
300.375000
949
462.900000
949
517.800000
949
572.325000
949
685.650000
949
838.825000
949
908.350000
949
1055.275000
949
1186.075000
949
1268.125000
949
1360.150000
949
1419.750000
949
1538.675000
949
1653.125000
949
1967.850000
950
104.300000
950
158.725000
950
245.700000
950
321.725000
950
398.775000
950
528.850000
950
664.325000
950
786.850000
950
918.500000
950
1015.525000
950
1218.575000
950
1402.100000
950
1561.050000
950
1615.775000
950
1708.850000
950
1805.275000
951
130.375000
951
285.650000
951
377.550000
951
471.725000
951
594.050000
951
776.125000
951
1073.725000
951
1188.975000
951
1317.525000
951
1582.075000
951
1641.975000
951
1730.275000
951
1841.000000
951
1906.500000
952
28.700000
952
106.050000
952
258.025000
952
316.125000
952
432.850000
952
616.275000
952
722.525000
952
778.550000
952
849.225000
952
1062.300000
952
1246.600000
952
1301.275000
952
1374.275000
952
1497.550000
952
1624.025000
952
1695.775000
953
76.150000
953
181.575000
953
263.250000
953
378.175000
953
503.650000
953
634.475000
953
773.200000
953
842.250000
953
901.500000
953
980.200000
953
1144.300000
953
1280.500000
953
1394.300000
954
492.550000
954
893.125000
954
1049.950000
954
1104.600000
954
1335.100000
954
1407.225000
954
1600.950000
954
1690.725000
954
1756.900000
954
1852.125000
954
1920.250000
954
1997.950000
955
61.625000
955
573.125000
955
644.400000
955
843.925000
955
895.100000
955
1091.575000
955
1215.450000
955
1357.925000
955
1477.250000
955
1761.525000
955
1834.700000
955
1898.575000
956
74.700000
956
153.875000
956
247.625000
956
443.250000
956
497.925000
956
601.350000
956
817.375000
956
1041.675000
956
1151.200000
956
1250.350000
956
1304.825000
956
1615.275000
956
1938.275000
956
1998.550000
957
12.150000
957
130.175000
957
260.400000
957
355.575000
957
463.000000
957
791.150000
957
865.750000
957
1189.625000
957
1312.725000
957
1408.625000
957
1535.150000
957
1643.425000
957
1774.525000
957
1876.450000
958
161.050000
958
215.775000
958
355.500000
958
412.900000
958
538.075000
958
605.625000
958
702.600000
958
775.200000
958
840.400000
958
1037.950000
958
1097.550000
958
1234.350000
958
1447.525000
959
27.950000
959
81.275000
959
218.100000
959
275.650000
959
343.375000
959
415.625000
959
480.625000
959
555.700000
959
660.200000
959
731.150000
959
832.325000
959
916.775000
959
1242.250000
959
1349.300000
959
1547.325000
960
104.000000
960
219.275000
960
353.700000
960
478.325000
960
709.475000
960
1011.200000
960
1142.275000
960
1423.250000
960
1570.125000
960
1637.300000
960
1750.150000
960
1819.450000
960
1942.825000
961
115.125000
961
388.675000
961
540.675000
961
602.175000
961
672.400000
961
764.675000
961
910.050000
961
1257.350000
961
1339.950000
961
1560.025000
961
1779.950000
961
1863.575000
961
1984.275000
962
32.025000
962
106.475000
962
192.275000
962
308.125000
962
385.700000
962
616.775000
962
766.900000
962
918.525000
962
1007.500000
962
1127.925000
962
1427.475000
962
1525.750000
962
1608.675000
962
1747.325000
962
1810.625000
962
1868.000000
963
46.025000
963
177.400000
963
355.500000
963
491.425000
963
761.400000
963
841.650000
963
1086.025000
963
1170.125000
963
1230.075000
963
1439.475000
963
1494.400000
963
1559.650000
963
1712.525000
963
1822.350000
963
1916.050000
964
25.350000
964
153.475000
964
218.825000
964
319.400000
964
436.200000
964
565.675000
964
672.175000
964
752.375000
964
904.275000
964
1053.525000
964
1228.775000
964
1283.525000
964
1426.275000
964
1563.550000
964
1627.075000
964
1998.975000
965
153.075000
965
370.350000
965
440.325000
965
515.800000
965
601.700000
965
872.350000
965
928.775000
965
1044.325000
965
1104.825000
965
1228.425000
965
1354.850000
965
1424.875000
966
100.750000
966
191.500000
966
507.775000
966
583.775000
966
728.525000
966
863.725000
966
940.200000
966
1026.200000
966
1347.625000
966
1421.475000
966
1475.725000
966
1565.950000
966
1749.800000
966
1812.975000
966
1961.750000
967
29.975000
967
191.625000
967
318.750000
967
591.125000
967
645.900000
967
986.825000
967
1048.300000
967
1251.375000
967
1457.450000
967
1527.625000
967
1582.050000
967
1663.850000
967
1796.025000
967
1924.300000
968
71.500000
968
455.900000
968
790.925000
968
930.625000
968
1029.225000
968
1094.450000
968
1414.100000
968
1469.675000
968
1553.150000
968
1607.950000
968
1741.150000
968
1924.925000
968
1989.050000
969
278.225000
969
492.475000
969
584.200000
969
706.125000
969
1091.875000
969
1295.075000
969
1390.650000
969
1534.750000
969
1659.000000
969
1934.575000
970
252.650000
970
697.050000
970
753.725000
970
898.275000
970
955.475000
970
1138.850000
970
1239.750000
970
1310.025000
970
1560.850000
970
1684.775000
970
1931.775000
970
1990.100000
971
104.900000
971
279.725000
971
432.500000
971
525.825000
971
587.250000
971
708.200000
971
859.900000
971
1001.425000
971
1331.450000
971
1407.575000
971
1467.100000
971
1523.850000
971
1584.250000
971
1652.125000
971
1750.550000
972
26.275000
972
198.750000
972
256.825000
972
712.575000
972
936.600000
972
1077.800000
972
1179.650000
972
1259.100000
972
1369.700000
972
1429.900000
972
1802.650000
972
1972.425000
973
49.050000
973
103.875000
973
171.175000
973
228.500000
973
547.000000
973
653.675000
973
835.525000
973
943.475000
973
1114.550000
973
1338.675000
973
1654.275000
973
1768.375000
973
1943.800000
973
1998.575000
974
89.250000
974
181.650000
974
242.700000
974
559.775000
974
701.050000
974
798.750000
974
890.500000
974
967.225000
974
1206.425000
974
1372.150000
974
1454.250000
974
1519.750000
974
1617.550000
974
1708.300000
974
1979.875000
975
463.975000
975
741.775000
975
848.225000
975
1038.800000
975
1105.250000
975
1222.975000
975
1543.575000
975
1641.350000
975
1852.400000
976
106.025000
976
182.100000
976
259.275000
976
352.525000
976
411.000000
976
630.500000
976
750.750000
976
842.350000
976
988.025000
976
1352.950000
976
1642.325000
976
1724.100000
976
1871.125000
976
1949.025000
977
120.825000
977
296.700000
977
441.400000
977
624.475000
977
708.225000
977
764.350000
977
1019.125000
977
1081.525000
977
1320.400000
977
1376.150000
977
1542.825000
977
1601.875000
977
1715.125000
978
69.225000
978
113.875000
978
235.625000
978
300.175000
978
377.500000
978
550.100000
978
648.525000
978
746.075000
978
889.800000
978
1035.925000
978
1334.400000
978
1479.475000
978
1565.425000
978
1668.375000
978
1803.450000
979
61.125000
979
333.775000
979
398.525000
979
451.675000
979
580.450000
979
721.825000
979
825.125000
979
881.050000
979
943.250000
979
1201.150000
979
1358.150000
979
1487.375000
979
1603.225000
979
1661.950000
979
1856.525000
980
74.175000
980
223.275000
980
306.225000
980
357.925000
980
450.025000
980
588.200000
980
648.900000
980
725.550000
980
857.300000
980
911.975000
980
1090.425000
980
1278.500000
980
1390.175000
980
1445.825000
981
56.000000
981
440.525000
981
796.425000
981
1066.650000
981
1122.975000
981
1437.975000
981
1522.700000
981
1618.450000
981
1808.025000
981
1866.450000
982
172.975000
982
271.075000
982
326.600000
982
508.000000
982
547.325000
982
593.700000
982
837.125000
982
907.375000
982
1176.050000
982
1260.500000
982
1403.975000
982
1505.475000
982
1557.350000
983
347.075000
983
399.275000
983
493.900000
983
696.850000
983
1069.150000
983
1262.275000
983
1330.900000
983
1429.700000
983
1663.975000
983
1780.575000
983
1852.650000
983
1948.475000
984
25.825000
984
85.450000
984
204.350000
984
315.650000
984
380.400000
984
558.475000
984
630.675000
984
737.850000
984
861.600000
984
910.600000
984
966.650000
984
1024.575000
984
1148.450000
985
230.350000
985
394.150000
985
617.575000
985
769.225000
985
886.250000
985
1068.175000
985
1147.275000
985
1206.500000
985
1285.600000
985
1351.150000
985
1498.700000
985
1642.025000
985
1705.200000
985
1883.825000
985
1968.425000
986
30.350000
986
154.625000
986
212.125000
986
319.225000
986
404.875000
986
510.675000
986
648.600000
986
786.025000
986
927.300000
986
1081.725000
986
1289.700000
986
1639.650000
986
1791.125000
987
198.875000
987
322.900000
987
468.925000
987
537.600000
987
755.200000
987
1144.975000
987
1272.225000
987
1417.125000
987
1636.575000
987
1694.350000
988
44.075000
988
230.200000
988
486.375000
988
564.525000
988
696.675000
988
751.325000
988
945.300000
988
1028.575000
988
1092.100000
988
1468.375000
988
1553.000000
988
1669.000000
988
1814.725000
988
1898.375000
989
62.725000
989
282.575000
989
644.600000
989
945.125000
989
1093.600000
989
1398.200000
989
1484.825000
989
1579.825000
989
1728.975000
989
1875.475000
990
25.300000
990
86.800000
990
152.350000
990
256.450000
990
342.825000
990
454.650000
990
531.375000
990
598.350000
990
1159.075000
990
1273.450000
990
1365.725000
990
1599.600000
990
1755.750000
990
1872.275000
990
1950.850000
991
69.125000
991
157.650000
991
219.650000
991
276.250000
991
349.550000
991
529.900000
991
665.425000
991
847.575000
991
968.450000
991
1084.525000
991
1129.025000
991
1288.850000
991
1434.325000
991
1598.700000
992
133.325000
992
286.900000
992
346.725000
992
447.350000
992
570.250000
992
691.500000
992
970.550000
992
1061.850000
992
1145.425000
992
1268.975000
992
1969.575000
993
35.025000
993
118.675000
993
190.375000
993
281.175000
993
407.450000
993
529.475000
993
667.925000
993
858.900000
993
916.100000
993
977.775000
993
1032.650000
993
1165.425000
993
1324.225000
994
57.550000
994
143.425000
994
218.925000
994
359.175000
994
536.425000
994
773.550000
994
917.425000
994
998.475000
994
1175.925000
994
1251.650000
994
1339.500000
994
1504.725000
994
1725.425000
994
1790.600000
994
1983.250000
995
39.900000
995
239.950000
995
296.650000
995
466.875000
995
582.550000
995
642.925000
995
762.575000
995
995.950000
995
1121.850000
995
1207.400000
995
1388.400000
995
1520.550000
995
1574.325000
995
1777.025000
995
1847.075000
995
1999.875000
996
127.400000
996
242.775000
996
518.300000
996
585.225000
996
683.300000
996
766.200000
996
871.450000
996
991.800000
996
1192.325000
996
1294.000000
996
1416.625000
996
1680.700000
997
39.050000
997
119.825000
997
186.200000
997
271.625000
997
394.575000
997
466.975000
997
529.000000
997
626.800000
997
806.000000
997
1048.450000
997
1202.875000
997
1272.825000
998
367.675000
998
575.525000
998
722.950000
998
873.925000
998
949.650000
998
1059.800000
998
1393.100000
998
1459.800000
998
1723.625000
998
1796.125000
998
1859.700000
998
1980.475000
999
287.150000
999
323.150000
999
560.150000
999
662.100000
999
771.375000
999
900.450000
999
1029.900000
999
1076.475000
999
1497.800000
999
1603.975000
1000
68.250000
1000
111.475000
1000
206.800000
1000
262.000000
1000
328.100000
1000
486.175000
1000
606.900000
1000
886.825000
1000
941.850000
1000
1274.050000
1000
1519.075000
1000
1659.225000
1000
1743.975000
1000
1815.050000
1000
1903.550000
1001
48.475000
1001
102.675000
1001
158.300000
1001
221.300000
1001
282.750000
1001
428.525000
1001
532.225000
1001
700.400000
1001
862.775000
1001
1092.125000
1001
1173.550000
1001
1581.725000
1001
1661.300000
1001
1737.325000
1002
103.625000
1002
328.750000
1002
472.150000
1002
532.525000
1002
592.550000
1002
749.725000
1002
919.150000
1002
1070.675000
1002
1126.200000
1002
1188.400000
1002
1283.000000
1002
1351.350000
1002
1707.200000
1003
77.050000
1003
253.975000
1003
538.525000
1003
596.375000
1003
655.350000
1003
756.075000
1003
841.100000
1003
945.075000
1003
1154.775000
1003
1211.000000
1003
1431.300000
1003
1588.725000
1003
1834.175000
1004
42.825000
1004
170.850000
1004
232.725000
1004
352.075000
1004
439.875000
1004
737.050000
1004
878.875000
1004
1017.875000
1004
1108.100000
1004
1173.475000
1004
1242.100000
1004
1343.125000
1005
115.575000
1005
198.300000
1005
436.650000
1005
570.650000
1005
730.125000
1005
835.525000
1005
908.750000
1005
1090.175000
1005
1347.025000
1005
1506.725000
1005
1561.475000
1005
1663.750000
1005
1752.375000
1005
1885.650000
1006
26.875000
1006
80.275000
1006
149.400000
1006
357.575000
1006
420.850000
1006
499.650000
1006
722.550000
1006
819.550000
1006
881.325000
1006
959.200000
1006
1043.425000
1006
1200.250000
1006
1306.625000
1006
1416.150000
1006
1493.350000
1007
92.225000
1007
175.175000
1007
274.300000
1007
365.175000
1007
445.150000
1007
624.475000
1007
788.575000
1007
855.525000
1007
925.550000
1007
1013.850000
1007
1085.000000
1007
1254.700000
1007
1385.550000
1007
1549.600000
1007
1610.600000
1008
42.075000
1008
132.700000
1008
338.925000
1008
594.575000
1008
705.825000
1008
780.025000
1008
835.125000
1008
988.325000
1008
1292.925000
1008
1412.550000
1008
1461.875000
1008
1516.675000
1008
1600.725000
1009
74.350000
1009
248.625000
1009
433.325000
1009
627.825000
1009
778.400000
1009
996.200000
1009
1267.250000
1009
1370.050000
1009
1449.775000
1009
1510.900000
1009
1676.050000
1009
1849.775000
1009
1926.625000
1010
120.525000
1010
195.600000
1010
265.575000
1010
457.475000
1010
559.650000
1010
615.150000
1010
695.350000
1010
804.950000
1010
862.200000
1010
980.175000
1010
1041.775000
1010
1151.025000
1010
1596.225000
1011
103.350000
1011
308.875000
1011
450.250000
1011
527.550000
1011
644.825000
1011
801.775000
1011
1081.275000
1011
1142.875000
1011
1207.875000
1011
1269.575000
1011
1370.150000
1011
1479.600000
1011
1612.025000
1011
1771.650000
1012
27.525000
1012
80.875000
1012
179.975000
1012
236.450000
1012
369.200000
1012
658.300000
1012
732.275000
1012
939.300000
1012
1145.775000
1012
1223.150000
1012
1303.700000
1012
1363.425000
1012
1444.850000
1013
205.800000
1013
265.200000
1013
347.250000
1013
444.100000
1013
529.675000
1013
584.175000
1013
647.325000
1013
789.500000
1013
927.425000
1013
1110.800000
1013
1209.975000
1013
1248.700000
1014
55.750000
1014
125.875000
1014
205.650000
1014
261.050000
1014
341.450000
1014
534.625000
1014
817.425000
1014
1020.825000
1014
1142.575000
1014
1222.500000
1014
1350.125000
1014
1430.525000
1014
1700.250000
1015
120.325000
1015
221.425000
1015
331.025000
1015
400.050000
1015
567.025000
1015
716.900000
1015
775.900000
1015
893.850000
1015
1139.225000
1015
1266.750000
1015
1368.825000
1015
1449.675000
1015
1582.050000
1015
1707.150000
1016
67.000000
1016
120.600000
1016
178.175000
1016
286.500000
1016
476.500000
1016
546.650000
1016
651.600000
1016
805.900000
1016
866.175000
1016
1000.025000
1016
1055.750000
1016
1144.125000
1016
1301.250000
1016
1384.575000
1017
61.075000
1017
220.625000
1017
318.250000
1017
406.950000
1017
461.525000
1017
519.875000
1017
586.750000
1017
752.275000
1017
885.775000
1017
1089.800000
1017
1198.350000
1017
1287.925000
1017
1359.325000
1018
127.500000
1018
488.375000
1018
596.400000
1018
894.450000
1018
999.250000
1018
1159.525000
1018
1439.750000
1018
1532.400000
1018
1637.950000
1018
1692.475000
1018
1780.500000
1019
30.500000
1019
79.700000
1019
168.550000
1019
218.375000
1019
333.975000
1019
523.000000
1019
829.925000
1019
886.900000
1019
1010.450000
1019
1078.175000
1019
1164.925000
1019
1295.975000
1019
1350.600000
1019
1430.100000
1019
1488.025000
1020
139.225000
1020
224.000000
1020
546.175000
1020
605.450000
1020
916.100000
1020
1000.550000
1020
1139.100000
1020
1217.400000
1020
1293.075000
1020
1463.850000
1020
1551.025000
1020
1900.325000
1020
1964.950000
1021
35.300000
1021
278.350000
1021
439.425000
1021
616.450000
1021
711.175000
1021
826.425000
1021
1060.175000
1021
1192.750000
1021
1273.200000
1021
1375.175000
1021
1638.525000
1021
1921.875000
1021
1994.900000
1022
100.775000
1022
303.500000
1022
453.925000
1022
545.600000
1022
733.450000
1022
817.100000
1022
877.525000
1022
1193.150000
1022
1290.950000
1022
1520.675000
1022
1614.850000
1022
1728.150000
1023
28.775000
1023
192.275000
1023
472.375000
1023
618.150000
1023
791.125000
1023
842.175000
1023
1036.575000
1023
1257.850000
1023
1316.750000
1023
1446.475000
1023
1542.450000
1024
89.325000
1024
184.825000
1024
428.500000
1024
550.875000
1024
848.225000
1024
905.875000
1024
975.600000
1024
1062.300000
1024
1244.300000
1024
1336.375000
1024
1523.700000
1024
1602.625000
1024
1659.750000
1025
62.800000
1025
301.250000
1025
438.150000
1025
816.850000
1025
1094.450000
1025
1149.250000
1025
1308.025000
1025
1475.300000
1025
1554.775000
1025
1609.250000
1025
1719.525000
1025
1872.925000
1025
1963.175000
1026
16.800000
1026
123.850000
1026
215.975000
1026
382.200000
1026
436.000000
1026
543.200000
1026
599.825000
1026
745.600000
1026
829.950000
1026
942.775000
1026
1071.725000
1026
1133.300000
1026
1184.575000
1026
1356.575000
1026
1956.425000
1027
30.525000
1027
144.350000
1027
290.350000
1027
493.475000
1027
628.375000
1027
761.375000
1027
852.350000
1027
951.425000
1027
1010.800000
1027
1143.400000
1027
1377.400000
1027
1460.600000
1027
1624.875000
1027
1723.400000
1028
111.575000
1028
165.950000
1028
821.075000
1028
999.775000
1028
1173.675000
1028
1262.350000
1028
1309.950000
1028
1476.325000
1028
1624.450000
1028
1758.800000
1028
1826.850000
1028
1960.875000
1029
44.075000
1029
99.925000
1029
157.225000
1029
209.750000
1029
398.125000
1029
468.625000
1029
563.775000
1029
808.500000
1029
1040.400000
1029
1125.275000
1029
1184.275000
1029
1256.425000
1029
1476.525000
1029
1568.075000
1029
1669.925000
1029
1783.600000
1029
1841.500000
1029
1920.325000
1030
93.200000
1030
177.225000
1030
237.500000
1030
518.075000
1030
632.225000
1030
1168.750000
1030
1334.050000
1030
1423.550000
1030
1556.775000
1030
1755.850000
1030
1810.775000
1030
1963.600000
1031
124.575000
1031
187.850000
1031
273.425000
1031
400.825000
1031
612.225000
1031
679.200000
1031
844.675000
1031
1032.500000
1031
1096.825000
1031
1228.525000
1031
1292.775000
1031
1433.200000
1031
1525.600000
1031
1601.025000
1031
1669.025000
1031
1782.000000
1032
12.500000
1032
278.850000
1032
394.825000
1032
454.600000
1032
592.275000
1032
760.725000
1032
871.800000
1032
960.575000
1032
1085.250000
1032
1336.700000
1032
1517.975000
1032
1675.100000
1032
1731.275000
1032
1796.025000
1033
61.975000
1033
237.500000
1033
529.675000
1033
694.325000
1033
783.950000
1033
840.700000
1033
922.375000
1033
988.575000
1033
1073.950000
1033
1162.075000
1033
1319.400000
1033
1403.975000
1033
1722.875000
1033
1789.775000
1033
1843.875000
1034
64.800000
1034
281.900000
1034
531.250000
1034
669.250000
1034
747.950000
1034
947.350000
1034
998.300000
1034
1083.325000
1034
1143.200000
1034
1407.650000
1034
1458.850000
1034
1536.150000
1034
1647.350000
1034
1899.150000
1035
97.775000
1035
474.900000
1035
518.950000
1035
741.500000
1035
810.750000
1035
865.675000
1035
1021.525000
1035
1088.325000
1035
1323.475000
1035
1454.675000
1035
1747.325000
1035
1826.150000
1036
123.375000
1036
273.200000
1036
405.025000
1036
667.750000
1036
754.200000
1036
852.625000
1036
969.000000
1036
1044.425000
1036
1108.450000
1036
1202.700000
1036
1736.675000
1036
1801.200000
1037
118.050000
1037
309.125000
1037
402.575000
1037
498.800000
1037
579.125000
1037
1163.425000
1037
1252.450000
1037
1585.150000
1037
1786.050000
1037
1926.825000
1038
42.900000
1038
113.175000
1038
237.400000
1038
462.150000
1038
545.825000
1038
602.425000
1038
660.050000
1038
781.275000
1038
836.025000
1038
1059.775000
1038
1157.875000
1038
1381.600000
1038
1553.125000
1038
1655.325000
1038
1912.675000
1039
14.975000
1039
111.600000
1039
240.725000
1039
341.975000
1039
471.800000
1039
593.950000
1039
819.700000
1039
911.025000
1039
973.200000
1039
1091.575000
1039
1192.050000
1039
1412.250000
1039
1706.450000
1039
1779.475000
1040
32.075000
1040
122.150000
1040
363.275000
1040
420.275000
1040
585.325000
1040
692.600000
1040
796.925000
1040
1126.900000
1040
1345.325000
1040
1474.775000
1040
1644.325000
1040
1893.100000
1041
44.325000
1041
170.025000
1041
240.500000
1041
359.700000
1041
576.100000
1041
640.825000
1041
823.625000
1041
934.300000
1041
989.325000
1041
1290.400000
1041
1384.450000
1041
1500.050000
1041
1592.100000
1041
1748.275000
1042
50.025000
1042
165.375000
1042
476.550000
1042
534.600000
1042
594.025000
1042
658.200000
1042
818.425000
1042
864.625000
1042
931.925000
1042
1035.475000
1042
1113.825000
1042
1206.325000
1042
1302.825000
1042
1390.400000
1043
135.850000
1043
216.425000
1043
342.650000
1043
406.150000
1043
555.950000
1043
668.500000
1043
728.500000
1043
801.475000
1043
993.500000
1043
1050.850000
1043
1368.025000
1043
1434.450000
1043
1494.525000
1043
1574.425000
1044
154.625000
1044
320.350000
1044
631.700000
1044
702.525000
1044
842.475000
1044
897.325000
1044
1358.675000
1044
1545.650000
1044
1600.550000
1044
1705.275000
1044
1935.625000
1045
60.925000
1045
147.725000
1045
367.575000
1045
526.700000
1045
625.825000
1045
845.325000
1045
915.700000
1045
1073.300000
1045
1371.500000
1045
1450.050000
1045
1705.500000
1045
1779.725000
1045
1878.000000
1045
1946.100000
1046
143.350000
1046
396.900000
1046
526.625000
1046
591.225000
1046
658.225000
1046
710.750000
1046
792.725000
1046
849.825000
1046
1046.100000
1046
1236.375000
1046
1307.725000
1046
1549.700000
1046
1617.275000
1046
1672.500000
1047
26.475000
1047
134.375000
1047
716.425000
1047
801.475000
1047
857.300000
1047
918.450000
1047
988.025000
1047
1081.600000
1047
1137.625000
1047
1305.750000
1047
1549.200000
1047
1678.325000
1047
1738.225000
1047
1858.375000
1048
35.375000
1048
372.375000
1048
444.375000
1048
663.975000
1048
744.275000
1048
828.350000
1048
1142.025000
1048
1412.475000
1048
1730.725000
1048
1896.425000
1049
98.425000
1049
207.375000
1049
346.275000
1049
677.150000
1049
749.550000
1049
937.600000
1049
1188.350000
1049
1258.175000
1049
1372.075000
1049
1432.325000
1049
1573.950000
1049
1784.850000
1049
1844.875000
1049
1922.075000
1050
31.900000
1050
105.825000
1050
175.900000
1050
311.650000
1050
397.400000
1050
460.075000
1050
534.650000
1050
640.850000
1050
766.950000
1050
853.250000
1050
959.750000
1050
1014.550000
1050
1246.875000
1051
118.425000
1051
298.300000
1051
430.100000
1051
507.025000
1051
649.950000
1051
741.050000
1051
828.175000
1051
1048.750000
1051
1113.475000
1051
1345.050000
1051
1481.950000
1051
1542.200000
1051
1619.525000
1051
1734.175000
1051
1811.625000
1052
85.425000
1052
147.125000
1052
201.425000
1052
274.225000
1052
329.850000
1052
530.375000
1052
676.825000
1052
930.825000
1052
1044.675000
1052
1284.600000
1052
1463.400000
1052
1517.850000
1052
1646.950000
1053
66.275000
1053
139.000000
1053
270.450000
1053
331.600000
1053
423.475000
1053
608.850000
1053
797.625000
1053
879.575000
1053
938.475000
1053
1023.900000
1053
1094.350000
1053
1406.300000
1053
1704.275000
1053
1902.025000
1054
33.975000
1054
138.150000
1054
214.025000
1054
433.650000
1054
494.325000
1054
974.200000
1054
1075.250000
1054
1291.175000
1054
1585.950000
1054
1787.900000
1054
1860.075000
1054
1919.825000
1055
78.700000
1055
148.150000
1055
226.475000
1055
498.975000
1055
657.075000
1055
715.150000
1055
897.875000
1055
1294.350000
1055
1360.700000
1055
1528.900000
1055
1650.850000
1055
1861.600000
1056
46.775000
1056
100.750000
1056
332.925000
1056
464.100000
1056
699.350000
1056
884.750000
1056
1237.475000
1056
1430.300000
1056
1634.825000
1056
1762.375000
1056
1823.975000
1056
1901.575000
1057
37.900000
1057
243.575000
1057
360.075000
1057
575.025000
1057
919.050000
1057
976.675000
1057
1169.275000
1057
1249.100000
1057
1466.075000
1057
1552.600000
1057
1818.550000
1058
261.425000
1058
332.400000
1058
623.375000
1058
766.725000
1058
838.975000
1058
1044.900000
1058
1099.950000
1058
1194.125000
1058
1283.350000
1058
1386.650000
1058
1564.700000
1058
1690.225000
1058
1768.925000
1058
1823.850000
1059
60.050000
1059
182.125000
1059
283.250000
1059
325.675000
1059
444.825000
1059
617.675000
1059
674.600000
1059
740.600000
1059
809.150000
1059
1062.425000
1059
1334.400000
1059
1567.650000
1060
310.650000
1060
416.200000
1060
559.100000
1060
756.575000
1060
873.125000
1060
984.125000
1060
1048.525000
1060
1291.025000
1060
1408.050000
1060
1493.625000
1060
1609.625000
1060
1717.950000
1061
33.075000
1061
266.225000
1061
487.100000
1061
674.600000
1061
829.450000
1061
999.550000
1061
1222.800000
1061
1277.625000
1061
1416.625000
1061
1578.575000
1061
1653.775000
1061
1724.050000
1061
1786.600000
1061
1858.400000
1062
216.225000
1062
307.100000
1062
359.200000
1062
661.950000
1062
846.650000
1062
967.700000
1062
1117.650000
1062
1162.125000
1062
1355.950000
1062
1482.450000
1062
1570.000000
1062
1636.000000
1062
1849.075000
1062
1917.925000
1063
105.625000
1063
214.175000
1063
312.625000
1063
771.500000
1063
890.475000
1063
954.150000
1063
1086.425000
1063
1155.175000
1063
1215.100000
1063
1289.500000
1063
1523.275000
1063
1700.250000
1063
1927.950000
1064
64.725000
1064
109.250000
1064
239.400000
1064
294.450000
1064
401.200000
1064
487.200000
1064
736.875000
1064
931.425000
1064
999.450000
1064
1183.075000
1064
1360.850000
1064
1436.725000
1064
1494.950000
1064
1570.675000
1065
113.775000
1065
171.425000
1065
359.875000
1065
484.775000
1065
596.050000
1065
734.025000
1065
1066.675000
1065
1179.000000
1065
1289.800000
1065
1427.200000
1065
1490.250000
1065
1625.975000
1065
1721.850000
1065
1908.800000
1066
72.750000
1066
124.525000
1066
200.650000
1066
329.025000
1066
407.250000
1066
501.400000
1066
746.200000
1066
781.225000
1066
952.325000
1066
1266.000000
1066
1396.925000
1066
1715.775000
1067
70.425000
1067
439.975000
1067
767.000000
1067
936.375000
1067
997.825000
1067
1072.800000
1067
1355.625000
1067
1524.750000
1067
1735.875000
1068
35.075000
1068
186.075000
1068
392.450000
1068
483.625000
1068
629.250000
1068
787.500000
1068
946.325000
1068
1046.850000
1068
1101.400000
1068
1665.675000
1068
1787.525000
1068
1965.700000
1069
74.425000
1069
347.350000
1069
496.625000
1069
752.075000
1069
836.050000
1069
918.550000
1069
1050.175000
1069
1136.375000
1069
1199.625000
1069
1268.850000
1070
59.325000
1070
202.675000
1070
651.750000
1070
846.500000
1070
921.250000
1070
1047.800000
1070
1121.750000
1070
1184.025000
1070
1271.675000
1070
1362.100000
1070
1692.175000
1070
1879.875000
1071
28.225000
1071
81.600000
1071
180.075000
1071
244.450000
1071
476.275000
1071
543.875000
1071
756.450000
1071
900.875000
1071
988.450000
1071
1325.750000
1071
1446.575000
1071
1557.525000
1072
58.575000
1072
221.750000
1072
411.350000
1072
488.400000
1072
596.250000
1072
745.350000
1072
836.375000
1072
936.675000
1072
980.125000
1072
1064.650000
1072
1179.750000
1072
1272.575000
1072
1426.575000
1072
1516.100000
1073
132.200000
1073
286.725000
1073
477.275000
1073
596.775000
1073
745.375000
1073
851.625000
1073
1031.975000
1073
1171.150000
1073
1240.125000
1073
1347.575000
1073
1408.675000
1073
1643.150000
1073
1721.875000
1073
1843.800000
1074
148.000000
1074
291.875000
1074
349.450000
1074
532.875000
1074
624.650000
1074
784.900000
1074
896.350000
1074
1017.750000
1074
1293.725000
1074
1359.350000
1074
1483.000000
1074
1537.650000
1074
1702.775000
1074
1814.650000
1074
1955.925000
1075
38.075000
1075
251.925000
1075
352.900000
1075
414.150000
1075
724.700000
1075
857.850000
1075
1050.800000
1075
1109.775000
1075
1199.700000
1075
1367.800000
1075
1512.950000
1076
277.925000
1076
413.850000
1076
534.950000
1076
662.250000
1076
941.975000
1076
1113.150000
1076
1271.125000
1076
1408.425000
1076
1479.100000
1076
1579.850000
1076
1652.175000
1076
1777.850000
1076
1844.475000
1077
65.525000
1077
239.475000
1077
336.000000
1077
439.525000
1077
650.375000
1077
733.025000
1077
877.125000
1077
1171.575000
1077
1399.150000
1077
1471.150000
1077
1563.400000
1077
1707.100000
1077
1767.125000
1078
49.450000
1078
290.050000
1078
538.300000
1078
696.925000
1078
873.050000
1078
1003.375000
1078
1138.050000
1078
1294.400000
1078
1401.125000
1078
1446.725000
1078
1540.350000
1078
1613.175000
1078
1707.700000
1078
1841.925000
1078
1991.150000
1079
44.825000
1079
125.475000
1079
323.300000
1079
519.650000
1079
641.950000
1079
718.500000
1079
834.600000
1079
986.200000
1079
1049.625000
1079
1115.675000
1079
1310.275000
1079
1366.250000
1079
1420.275000
1079
1510.475000
1079
1576.675000
1079
1633.800000
1080
79.100000
1080
133.575000
1080
619.200000
1080
703.950000
1080
874.125000
1080
960.850000
1080
1226.400000
1080
1287.400000
1080
1372.725000
1080
1791.450000
1080
1869.025000
1080
1990.250000
1081
45.800000
1081
180.000000
1081
343.125000
1081
542.425000
1081
587.400000
1081
676.925000
1081
733.625000
1081
824.875000
1081
879.700000
1081
1028.425000
1081
1142.875000
1081
1226.350000
1081
1282.500000
1081
1396.475000
1082
149.750000
1082
222.075000
1082
306.600000
1082
448.100000
1082
503.500000
1082
584.525000
1082
750.400000
1082
836.625000
1082
922.475000
1082
1063.625000
1082
1116.675000
1082
1190.175000
1082
1295.125000
1082
1385.425000
1083
66.075000
1083
183.325000
1083
274.250000
1083
343.525000
1083
505.500000
1083
671.650000
1083
766.050000
1083
869.675000
1083
1043.625000
1083
1112.125000
1083
1201.050000
1083
1311.400000
1083
1500.450000
1084
70.025000
1084
181.100000
1084
313.175000
1084
624.125000
1084
679.000000
1084
748.825000
1084
966.375000
1084
1037.175000
1084
1384.675000
1084
1510.925000
1084
1611.525000
1084
1749.025000
1084
1837.775000
1084
1965.825000
1085
165.050000
1085
257.875000
1085
335.375000
1085
403.650000
1085
664.225000
1085
785.550000
1085
1006.250000
1085
1127.225000
1085
1293.275000
1085
1396.775000
1085
1519.225000
1085
1648.925000
1086
78.250000
1086
143.900000
1086
201.475000
1086
354.150000
1086
482.675000
1086
605.950000
1086
715.175000
1086
996.350000
1086
1420.225000
1086
1486.750000
1086
1716.550000
1086
1804.025000
1086
1917.025000
1087
9.475000
1087
132.825000
1087
204.200000
1087
259.400000
1087
424.200000
1087
547.950000
1087
632.700000
1087
702.475000
1087
856.775000
1087
924.475000
1087
1024.525000
1087
1457.350000
1087
1581.825000
1088
210.525000
1088
315.425000
1088
379.800000
1088
450.925000
1088
570.200000
1088
730.650000
1088
856.100000
1088
941.050000
1088
1018.675000
1088
1073.050000
1088
1168.750000
1088
1315.200000
1088
1394.025000
1088
1705.000000
1089
202.075000
1089
262.300000
1089
410.325000
1089
480.900000
1089
674.050000
1089
866.475000
1089
1148.750000
1089
1213.150000
1089
1465.425000
1089
1525.250000
1089
1628.300000
1089
1712.750000
1090
41.450000
1090
152.850000
1090
385.525000
1090
461.725000
1090
518.575000
1090
667.300000
1090
745.200000
1090
808.175000
1090
849.325000
1090
1123.000000
1090
1418.150000
1090
1500.375000
1090
1573.825000
1090
1787.300000
1091
73.775000
1091
149.900000
1091
272.200000
1091
346.075000
1091
431.600000
1091
604.425000
1091
752.800000
1091
808.550000
1091
948.525000
1091
1130.450000
1091
1237.975000
1091
1305.525000
1091
1492.600000
1091
1841.900000
1091
1998.700000
1092
198.300000
1092
261.550000
1092
599.075000
1092
709.725000
1092
810.750000
1092
938.475000
1092
1013.575000
1092
1215.350000
1092
1268.425000
1092
1361.650000
1092
1437.900000
1092
1656.675000
1093
32.000000
1093
147.650000
1093
202.325000
1093
255.325000
1093
349.275000
1093
490.425000
1093
556.475000
1093
804.100000
1093
932.950000
1093
1018.825000
1093
1104.500000
1093
1187.925000
1093
1261.400000
1093
1340.575000
1094
276.725000
1094
442.875000
1094
558.175000
1094
717.475000
1094
783.175000
1094
1008.150000
1094
1131.325000
1094
1197.625000
1094
1461.300000
1094
1526.150000
1094
1590.675000
1094
1748.150000
1094
1828.375000
1094
1905.325000
1095
408.375000
1095
521.550000
1095
581.075000
1095
635.250000
1095
782.300000
1095
845.875000
1095
1184.825000
1095
1364.275000
1095
1572.950000
1095
1925.250000
1095
1985.675000
1096
237.200000
1096
509.000000
1096
633.925000
1096
854.725000
1096
951.800000
1096
1125.975000
1096
1215.550000
1096
1482.500000
1096
1751.325000
1096
1919.675000
1097
261.000000
1097
378.625000
1097
440.725000
1097
607.950000
1097
681.475000
1097
810.425000
1097
1073.975000
1097
1310.150000
1097
1382.325000
1097
1440.575000
1097
1688.675000
1097
1785.275000
1098
37.475000
1098
94.075000
1098
202.650000
1098
586.800000
1098
641.600000
1098
796.875000
1098
940.175000
1098
1090.725000
1098
1207.450000
1098
1379.525000
1098
1482.625000
1098
1651.650000
1098
1741.575000
1098
1818.150000
1099
50.450000
1099
356.650000
1099
412.800000
1099
522.025000
1099
739.825000
1099
872.925000
1099
1071.000000
1099
1244.425000
1099
1331.825000
1099
1452.250000
1099
1512.950000
1099
1573.350000
1099
1692.125000
1099
1821.625000
1099
1882.675000
1099
1961.925000
1100
190.825000
1100
354.025000
1100
532.775000
1100
684.075000
1100
774.525000
1100
1089.425000
1100
1174.275000
1100
1295.300000
1100
1400.125000
1100
1717.300000
1100
1776.400000
1100
1858.675000
1100
1966.225000
1101
291.175000
1101
350.900000
1101
525.925000
1101
588.350000
1101
717.475000
1101
834.000000
1101
960.275000
1101
1185.875000
1101
1524.050000
1101
1813.425000
1101
1974.475000
1102
315.025000
1102
380.300000
1102
440.125000
1102
525.550000
1102
627.350000
1102
695.875000
1102
871.800000
1102
998.350000
1102
1055.350000
1102
1098.850000
1102
1185.250000
1102
1258.050000
1102
1487.500000
1102
1620.500000
1103
159.050000
1103
262.700000
1103
334.400000
1103
481.050000
1103
570.750000
1103
645.900000
1103
733.625000
1103
1160.875000
1103
1217.975000
1103
1306.100000
1103
1369.825000
1103
1751.050000
1103
1808.700000
1103
1908.925000
1104
229.450000
1104
299.575000
1104
406.900000
1104
667.800000
1104
864.475000
1104
976.225000
1104
1025.175000
1104
1096.975000
1104
1323.475000
1104
1409.850000
1104
1537.100000
1104
1609.400000
1104
1676.225000
1104
1778.300000
1105
35.425000
1105
92.225000
1105
203.625000
1105
316.100000
1105
370.600000
1105
565.600000
1105
697.125000
1105
804.175000
1105
917.925000
1105
974.400000
1105
1132.100000
1105
1286.300000
1105
1385.100000
1105
1629.500000
1105
1759.225000
1105
1819.725000
1105
1933.825000
1106
26.600000
1106
91.800000
1106
171.500000
1106
242.875000
1106
764.550000
1106
866.075000
1106
947.525000
1106
1003.850000
1106
1253.250000
1106
1435.125000
1106
1493.275000
1106
1612.075000
1106
1668.950000
1106
1737.200000
1107
41.975000
1107
135.875000
1107
190.600000
1107
467.200000
1107
599.050000
1107
689.075000
1107
800.200000
1107
860.425000
1107
1010.725000
1107
1197.850000
1107
1357.300000
1107
1475.450000
1108
30.200000
1108
116.650000
1108
175.800000
1108
317.875000
1108
665.825000
1108
798.325000
1108
890.775000
1108
1024.900000
1108
1411.900000
1108
1520.975000
1108
1597.825000
1108
1938.925000
1109
67.400000
1109
189.875000
1109
255.925000
1109
396.975000
1109
451.575000
1109
782.825000
1109
956.550000
1109
1203.900000
1109
1344.875000
1109
1438.150000
1109
1731.825000
1109
1890.600000
1110
159.075000
1110
257.550000
1110
319.950000
1110
543.425000
1110
617.850000
1110
795.125000
1110
908.475000
1110
972.975000
1110
1016.375000
1110
1156.250000
1110
1361.400000
1110
1425.850000
1110
1623.900000
1110
1714.300000
1110
1781.075000
1111
59.025000
1111
523.325000
1111
661.850000
1111
816.925000
1111
966.600000
1111
1024.500000
1111
1189.200000
1111
1283.625000
1111
1410.800000
1111
1488.975000
1111
1582.675000
1111
1748.000000
1112
159.475000
1112
218.550000
1112
285.100000
1112
343.475000
1112
590.275000
1112
753.150000
1112
900.450000
1112
1039.850000
1112
1190.875000
1112
1352.675000
1112
1411.850000
1112
1471.800000
1112
1553.650000
1112
1647.425000
1112
1765.025000
1113
225.850000
1113
522.675000
1113
629.700000
1113
826.700000
1113
1084.275000
1113
1179.075000
1113
1278.050000
1113
1330.100000
1113
1383.025000
1113
1495.975000
1113
1617.425000
1113
1805.250000
1113
1888.675000
1113
1995.125000
1114
61.200000
1114
228.500000
1114
445.550000
1114
611.525000
1114
779.925000
1114
1059.825000
1114
1166.825000
1114
1278.450000
1114
1374.150000
1114
1479.625000
1114
1537.350000
1114
1599.700000
1114
1803.100000
